/*---------------------------------------------------------------------------*\
| =========                 |                                                 |
| \\      /  F ield         | OpenFOAM: The Open Source CFD Toolbox           |
|  \\    /   O peration     | Version:  4.1                                   |
|   \\  /    A nd           | Web:      www.OpenFOAM.org                      |
|    \\/     M anipulation  |                                                 |
\*---------------------------------------------------------------------------*/
Build  : 4.1
Exec   : buoyantPimpleFoam -parallel
Date   : Dec 18 2017
Time   : 13:44:00
Host   : "samu"
PID    : 2638
Case   : /home/samu/OpenFOAM/samu-4.1/run/Wassertank_Rohr
nProcs : 4
Slaves : 
3
(
"samu.2640"
"samu.2641"
"samu.2642"
)

Pstream initialized with:
    floatTransfer      : 0
    nProcsSimpleSum    : 0
    commsType          : nonBlocking
    polling iterations : 0
sigFpe : Enabling floating point exception trapping (FOAM_SIGFPE).
fileModificationChecking : Monitoring run-time modified files using timeStampMaster
allowSystemOperations : Allowing user-supplied system call operations

// * * * * * * * * * * * * * * * * * * * * * * * * * * * * * * * * * * * * * //
Create time

Create mesh for time = 636


PIMPLE: Operating solver in PISO mode

Reading thermophysical properties

Selecting thermodynamics package 
{
    type            heRhoThermo;
    mixture         pureMixture;
    transport       polynomial;
    thermo          hPolynomial;
    equationOfState icoPolynomial;
    specie          specie;
    energy          sensibleEnthalpy;
}

Reading field U

Reading/calculating face flux field phi

Creating turbulence model

Selecting turbulence model type RAS
Selecting RAS turbulence model kEpsilon
kEpsilonCoeffs
{
    Cmu             0.09;
    C1              1.44;
    C2              1.92;
    C3              -0.33;
    sigmak          1;
    sigmaEps        1.3;
}


Reading g

Reading hRef
Calculating field g.h

Reading field p_rgh

Creating field dpdt

Creating field kinetic energy K

No MRF models present

Radiation model not active: radiationProperties not found
Selecting radiationModel none
No finite volume options present

Courant Number mean: 0.0004670228898 max: 0.08462195006

Starting time loop

Courant Number mean: 0.0004670228898 max: 0.08462195006
Time = 636.005

diagonal:  Solving for rho, Initial residual = 0, Final residual = 0, No Iterations 0
PIMPLE: iteration 1
DILUPBiCG:  Solving for Ux, Initial residual = 7.347813351e-05, Final residual = 5.264518831e-09, No Iterations 1
DILUPBiCG:  Solving for Uy, Initial residual = 0.0001346100644, Final residual = 7.579215933e-09, No Iterations 1
DILUPBiCG:  Solving for Uz, Initial residual = 3.844162451e-06, Final residual = 3.932464197e-10, No Iterations 1
DILUPBiCG:  Solving for h, Initial residual = 1.157714412e-06, Final residual = 4.071404528e-10, No Iterations 1
GAMG:  Solving for p_rgh, Initial residual = 0.001838879489, Final residual = 1.490263989e-05, No Iterations 3
diagonal:  Solving for rho, Initial residual = 0, Final residual = 0, No Iterations 0
time step continuity errors : sum local = 7.741438336e-10, global = -2.197708231e-10, cumulative = -2.197708231e-10
GAMG:  Solving for p_rgh, Initial residual = 0.0002485511013, Final residual = 7.254720572e-07, No Iterations 5
diagonal:  Solving for rho, Initial residual = 0, Final residual = 0, No Iterations 0
time step continuity errors : sum local = 3.76976419e-11, global = -7.690661139e-13, cumulative = -2.205398892e-10
DILUPBiCG:  Solving for epsilon, Initial residual = 9.945116613e-07, Final residual = 9.945116613e-07, No Iterations 0
DILUPBiCG:  Solving for k, Initial residual = 2.944566324e-06, Final residual = 5.433954222e-09, No Iterations 1
ExecutionTime = 2.88 s  ClockTime = 5 s

Courant Number mean: 0.0004670293469 max: 0.08462090997
Time = 636.01

diagonal:  Solving for rho, Initial residual = 0, Final residual = 0, No Iterations 0
PIMPLE: iteration 1
DILUPBiCG:  Solving for Ux, Initial residual = 2.036832737e-05, Final residual = 2.682991231e-09, No Iterations 1
DILUPBiCG:  Solving for Uy, Initial residual = 4.959600089e-05, Final residual = 3.969647185e-09, No Iterations 1
DILUPBiCG:  Solving for Uz, Initial residual = 2.424416516e-06, Final residual = 3.637034448e-10, No Iterations 1
DILUPBiCG:  Solving for h, Initial residual = 1.156727188e-06, Final residual = 3.593790627e-10, No Iterations 1
GAMG:  Solving for p_rgh, Initial residual = 0.000359515738, Final residual = 1.499181718e-06, No Iterations 3
diagonal:  Solving for rho, Initial residual = 0, Final residual = 0, No Iterations 0
time step continuity errors : sum local = 7.788501831e-11, global = 1.054762028e-11, cumulative = -2.099922689e-10
GAMG:  Solving for p_rgh, Initial residual = 3.897927074e-05, Final residual = 7.851692364e-07, No Iterations 2
diagonal:  Solving for rho, Initial residual = 0, Final residual = 0, No Iterations 0
time step continuity errors : sum local = 4.078635961e-11, global = -2.080917224e-12, cumulative = -2.120731861e-10
DILUPBiCG:  Solving for epsilon, Initial residual = 1.002697163e-06, Final residual = 1.586185604e-09, No Iterations 1
DILUPBiCG:  Solving for k, Initial residual = 2.929932818e-06, Final residual = 5.114609164e-09, No Iterations 1
ExecutionTime = 4.26 s  ClockTime = 7 s

Courant Number mean: 0.0004670370657 max: 0.08461983187
Time = 636.015

diagonal:  Solving for rho, Initial residual = 0, Final residual = 0, No Iterations 0
PIMPLE: iteration 1
DILUPBiCG:  Solving for Ux, Initial residual = 1.724291277e-05, Final residual = 2.471737295e-09, No Iterations 1
DILUPBiCG:  Solving for Uy, Initial residual = 4.961564175e-05, Final residual = 3.736037989e-09, No Iterations 1
DILUPBiCG:  Solving for Uz, Initial residual = 2.280137539e-06, Final residual = 3.685178428e-10, No Iterations 1
DILUPBiCG:  Solving for h, Initial residual = 1.157494673e-06, Final residual = 3.070540978e-10, No Iterations 1
GAMG:  Solving for p_rgh, Initial residual = 0.0001280614874, Final residual = 1.275829024e-06, No Iterations 3
diagonal:  Solving for rho, Initial residual = 0, Final residual = 0, No Iterations 0
time step continuity errors : sum local = 6.627361358e-11, global = 4.208068852e-12, cumulative = -2.078651173e-10
GAMG:  Solving for p_rgh, Initial residual = 1.864775041e-05, Final residual = 5.383887649e-07, No Iterations 2
diagonal:  Solving for rho, Initial residual = 0, Final residual = 0, No Iterations 0
time step continuity errors : sum local = 2.796757337e-11, global = 4.260753375e-12, cumulative = -2.036043639e-10
DILUPBiCG:  Solving for epsilon, Initial residual = 1.001938784e-06, Final residual = 1.560026858e-09, No Iterations 1
DILUPBiCG:  Solving for k, Initial residual = 2.929172919e-06, Final residual = 4.711761026e-09, No Iterations 1
ExecutionTime = 5.79 s  ClockTime = 9 s

Courant Number mean: 0.0004670451656 max: 0.08461871488
Time = 636.02

diagonal:  Solving for rho, Initial residual = 0, Final residual = 0, No Iterations 0
PIMPLE: iteration 1
DILUPBiCG:  Solving for Ux, Initial residual = 1.670015916e-05, Final residual = 2.494016167e-09, No Iterations 1
DILUPBiCG:  Solving for Uy, Initial residual = 4.976792487e-05, Final residual = 3.749836084e-09, No Iterations 1
DILUPBiCG:  Solving for Uz, Initial residual = 2.196968746e-06, Final residual = 3.697867961e-10, No Iterations 1
DILUPBiCG:  Solving for h, Initial residual = 1.157631354e-06, Final residual = 2.543256301e-10, No Iterations 1
GAMG:  Solving for p_rgh, Initial residual = 8.06566135e-05, Final residual = 6.236004536e-07, No Iterations 3
diagonal:  Solving for rho, Initial residual = 0, Final residual = 0, No Iterations 0
time step continuity errors : sum local = 3.239370581e-11, global = 2.947448982e-12, cumulative = -2.006569149e-10
GAMG:  Solving for p_rgh, Initial residual = 1.36860948e-05, Final residual = 3.858872864e-07, No Iterations 2
diagonal:  Solving for rho, Initial residual = 0, Final residual = 0, No Iterations 0
time step continuity errors : sum local = 2.004544996e-11, global = 1.314426096e-12, cumulative = -1.993424888e-10
DILUPBiCG:  Solving for epsilon, Initial residual = 1.003034583e-06, Final residual = 1.5323724e-09, No Iterations 1
DILUPBiCG:  Solving for k, Initial residual = 2.942344618e-06, Final residual = 4.323631748e-09, No Iterations 1
ExecutionTime = 7.44 s  ClockTime = 11 s

Courant Number mean: 0.0004670530648 max: 0.08461762438
Time = 636.025

diagonal:  Solving for rho, Initial residual = 0, Final residual = 0, No Iterations 0
PIMPLE: iteration 1
DILUPBiCG:  Solving for Ux, Initial residual = 1.650286876e-05, Final residual = 2.51931865e-09, No Iterations 1
DILUPBiCG:  Solving for Uy, Initial residual = 4.964192765e-05, Final residual = 3.790423805e-09, No Iterations 1
DILUPBiCG:  Solving for Uz, Initial residual = 2.184909723e-06, Final residual = 3.726771253e-10, No Iterations 1
DILUPBiCG:  Solving for h, Initial residual = 1.157632034e-06, Final residual = 2.037481119e-10, No Iterations 1
GAMG:  Solving for p_rgh, Initial residual = 6.418352923e-05, Final residual = 5.460467912e-07, No Iterations 3
diagonal:  Solving for rho, Initial residual = 0, Final residual = 0, No Iterations 0
time step continuity errors : sum local = 2.836507869e-11, global = 2.974172734e-12, cumulative = -1.963683161e-10
GAMG:  Solving for p_rgh, Initial residual = 1.238661922e-05, Final residual = 9.759859142e-07, No Iterations 1
diagonal:  Solving for rho, Initial residual = 0, Final residual = 0, No Iterations 0
time step continuity errors : sum local = 5.069920184e-11, global = 3.281958687e-12, cumulative = -1.930863574e-10
DILUPBiCG:  Solving for epsilon, Initial residual = 1.010029639e-06, Final residual = 1.510608626e-09, No Iterations 1
DILUPBiCG:  Solving for k, Initial residual = 2.973763453e-06, Final residual = 3.989039668e-09, No Iterations 1
ExecutionTime = 8.72 s  ClockTime = 13 s

Courant Number mean: 0.0004670609098 max: 0.08461664801
Time = 636.03

diagonal:  Solving for rho, Initial residual = 0, Final residual = 0, No Iterations 0
PIMPLE: iteration 1
DILUPBiCG:  Solving for Ux, Initial residual = 1.644813145e-05, Final residual = 2.545741757e-09, No Iterations 1
DILUPBiCG:  Solving for Uy, Initial residual = 4.966195269e-05, Final residual = 3.808237449e-09, No Iterations 1
DILUPBiCG:  Solving for Uz, Initial residual = 2.172340677e-06, Final residual = 3.7483036e-10, No Iterations 1
DILUPBiCG:  Solving for h, Initial residual = 1.158031011e-06, Final residual = 1.567263636e-10, No Iterations 1
GAMG:  Solving for p_rgh, Initial residual = 5.827746744e-05, Final residual = 6.160343861e-07, No Iterations 3
diagonal:  Solving for rho, Initial residual = 0, Final residual = 0, No Iterations 0
time step continuity errors : sum local = 3.200069566e-11, global = 2.740380707e-12, cumulative = -1.903459767e-10
GAMG:  Solving for p_rgh, Initial residual = 1.161643972e-05, Final residual = 9.518688074e-07, No Iterations 1
diagonal:  Solving for rho, Initial residual = 0, Final residual = 0, No Iterations 0
time step continuity errors : sum local = 4.94466099e-11, global = 3.215110583e-12, cumulative = -1.871308661e-10
DILUPBiCG:  Solving for epsilon, Initial residual = 1.017647274e-06, Final residual = 1.490257599e-09, No Iterations 1
DILUPBiCG:  Solving for k, Initial residual = 3.007343021e-06, Final residual = 3.699246733e-09, No Iterations 1
ExecutionTime = 10.08 s  ClockTime = 15 s

Courant Number mean: 0.0004670687951 max: 0.08461553185
Time = 636.035

diagonal:  Solving for rho, Initial residual = 0, Final residual = 0, No Iterations 0
PIMPLE: iteration 1
DILUPBiCG:  Solving for Ux, Initial residual = 1.62843784e-05, Final residual = 2.565466524e-09, No Iterations 1
DILUPBiCG:  Solving for Uy, Initial residual = 4.959535752e-05, Final residual = 3.892606218e-09, No Iterations 1
DILUPBiCG:  Solving for Uz, Initial residual = 2.182767681e-06, Final residual = 3.780633342e-10, No Iterations 1
DILUPBiCG:  Solving for h, Initial residual = 1.158609379e-06, Final residual = 1.139473041e-10, No Iterations 1
GAMG:  Solving for p_rgh, Initial residual = 5.592371928e-05, Final residual = 7.306626534e-07, No Iterations 3
diagonal:  Solving for rho, Initial residual = 0, Final residual = 0, No Iterations 0
time step continuity errors : sum local = 3.79555604e-11, global = 2.729539607e-12, cumulative = -1.844013265e-10
GAMG:  Solving for p_rgh, Initial residual = 1.154454686e-05, Final residual = 9.995204547e-07, No Iterations 1
diagonal:  Solving for rho, Initial residual = 0, Final residual = 0, No Iterations 0
time step continuity errors : sum local = 5.192269882e-11, global = 2.961635609e-12, cumulative = -1.814396909e-10
DILUPBiCG:  Solving for epsilon, Initial residual = 1.025350549e-06, Final residual = 1.470865087e-09, No Iterations 1
DILUPBiCG:  Solving for k, Initial residual = 3.041278576e-06, Final residual = 3.449063866e-09, No Iterations 1
ExecutionTime = 11.59 s  ClockTime = 17 s

Courant Number mean: 0.0004670767451 max: 0.08461445211
Time = 636.04

diagonal:  Solving for rho, Initial residual = 0, Final residual = 0, No Iterations 0
PIMPLE: iteration 1
DILUPBiCG:  Solving for Ux, Initial residual = 1.634716846e-05, Final residual = 2.604340767e-09, No Iterations 1
DILUPBiCG:  Solving for Uy, Initial residual = 4.964565296e-05, Final residual = 3.937778634e-09, No Iterations 1
DILUPBiCG:  Solving for Uz, Initial residual = 2.178821386e-06, Final residual = 3.804333323e-10, No Iterations 1
DILUPBiCG:  Solving for h, Initial residual = 1.159051677e-06, Final residual = 1.296960084e-10, No Iterations 1
GAMG:  Solving for p_rgh, Initial residual = 5.576005845e-05, Final residual = 6.499525466e-07, No Iterations 3
diagonal:  Solving for rho, Initial residual = 0, Final residual = 0, No Iterations 0
time step continuity errors : sum local = 3.376335957e-11, global = 3.162677948e-12, cumulative = -1.78277013e-10
GAMG:  Solving for p_rgh, Initial residual = 1.162154692e-05, Final residual = 3.636929764e-07, No Iterations 2
diagonal:  Solving for rho, Initial residual = 0, Final residual = 0, No Iterations 0
time step continuity errors : sum local = 1.889315294e-11, global = 1.393936269e-12, cumulative = -1.768830767e-10
DILUPBiCG:  Solving for epsilon, Initial residual = 1.033367929e-06, Final residual = 1.452556569e-09, No Iterations 1
DILUPBiCG:  Solving for k, Initial residual = 3.07532491e-06, Final residual = 3.232254209e-09, No Iterations 1
ExecutionTime = 12.86 s  ClockTime = 19 s

Courant Number mean: 0.0004670847873 max: 0.08461326735
Time = 636.045

diagonal:  Solving for rho, Initial residual = 0, Final residual = 0, No Iterations 0
PIMPLE: iteration 1
DILUPBiCG:  Solving for Ux, Initial residual = 1.629208561e-05, Final residual = 2.63462731e-09, No Iterations 1
DILUPBiCG:  Solving for Uy, Initial residual = 4.954741012e-05, Final residual = 4.014712534e-09, No Iterations 1
DILUPBiCG:  Solving for Uz, Initial residual = 2.186861512e-06, Final residual = 3.831984519e-10, No Iterations 1
DILUPBiCG:  Solving for h, Initial residual = 1.159498524e-06, Final residual = 1.511910922e-10, No Iterations 1
GAMG:  Solving for p_rgh, Initial residual = 5.409139066e-05, Final residual = 6.16321839e-07, No Iterations 3
diagonal:  Solving for rho, Initial residual = 0, Final residual = 0, No Iterations 0
time step continuity errors : sum local = 3.201674182e-11, global = 3.697606712e-12, cumulative = -1.7318547e-10
GAMG:  Solving for p_rgh, Initial residual = 1.137723547e-05, Final residual = 9.997503413e-07, No Iterations 1
diagonal:  Solving for rho, Initial residual = 0, Final residual = 0, No Iterations 0
time step continuity errors : sum local = 5.193591672e-11, global = 3.745724959e-12, cumulative = -1.69439745e-10
DILUPBiCG:  Solving for epsilon, Initial residual = 1.041435154e-06, Final residual = 1.4355549e-09, No Iterations 1
DILUPBiCG:  Solving for k, Initial residual = 3.162082333e-06, Final residual = 3.457445859e-09, No Iterations 1
ExecutionTime = 14.21 s  ClockTime = 20 s

Courant Number mean: 0.0004670928767 max: 0.08461221615
Time = 636.05

diagonal:  Solving for rho, Initial residual = 0, Final residual = 0, No Iterations 0
PIMPLE: iteration 1
DILUPBiCG:  Solving for Ux, Initial residual = 1.639270346e-05, Final residual = 2.663147146e-09, No Iterations 1
DILUPBiCG:  Solving for Uy, Initial residual = 4.95894339e-05, Final residual = 4.041887992e-09, No Iterations 1
DILUPBiCG:  Solving for Uz, Initial residual = 2.184987449e-06, Final residual = 3.863755055e-10, No Iterations 1
DILUPBiCG:  Solving for h, Initial residual = 1.164376989e-06, Final residual = 1.246191222e-09, No Iterations 1
GAMG:  Solving for p_rgh, Initial residual = 0.00191538492, Final residual = 1.32552422e-05, No Iterations 3
diagonal:  Solving for rho, Initial residual = 0, Final residual = 0, No Iterations 0
time step continuity errors : sum local = 6.898782687e-10, global = 1.402218547e-10, cumulative = -2.92178903e-11
GAMG:  Solving for p_rgh, Initial residual = 0.0003631429814, Final residual = 7.911576894e-07, No Iterations 5
diagonal:  Solving for rho, Initial residual = 0, Final residual = 0, No Iterations 0
time step continuity errors : sum local = 4.116407989e-11, global = 2.276385869e-12, cumulative = -2.694150443e-11
DILUPBiCG:  Solving for epsilon, Initial residual = 1.06280035e-06, Final residual = 2.133667144e-09, No Iterations 1
DILUPBiCG:  Solving for k, Initial residual = 3.384473204e-06, Final residual = 2.1244703e-09, No Iterations 1
ExecutionTime = 15.24 s  ClockTime = 22 s

Courant Number mean: 0.0004670985732 max: 0.084610907
Time = 636.055

diagonal:  Solving for rho, Initial residual = 0, Final residual = 0, No Iterations 0
PIMPLE: iteration 1
DILUPBiCG:  Solving for Ux, Initial residual = 8.048748825e-05, Final residual = 6.252665786e-09, No Iterations 1
DILUPBiCG:  Solving for Uy, Initial residual = 0.0001887323566, Final residual = 1.192184438e-08, No Iterations 1
DILUPBiCG:  Solving for Uz, Initial residual = 5.071427028e-06, Final residual = 5.265338688e-10, No Iterations 1
DILUPBiCG:  Solving for h, Initial residual = 1.16895126e-06, Final residual = 6.567198564e-10, No Iterations 1
GAMG:  Solving for p_rgh, Initial residual = 0.005242068073, Final residual = 2.838601941e-05, No Iterations 3
diagonal:  Solving for rho, Initial residual = 0, Final residual = 0, No Iterations 0
time step continuity errors : sum local = 1.478731235e-09, global = 1.783347843e-10, cumulative = 1.513932799e-10
GAMG:  Solving for p_rgh, Initial residual = 0.0003140705203, Final residual = 9.729771801e-07, No Iterations 6
diagonal:  Solving for rho, Initial residual = 0, Final residual = 0, No Iterations 0
time step continuity errors : sum local = 5.079180863e-11, global = -7.30194808e-13, cumulative = 1.506630851e-10
DILUPBiCG:  Solving for epsilon, Initial residual = 1.045675255e-06, Final residual = 3.332567733e-09, No Iterations 1
DILUPBiCG:  Solving for k, Initial residual = 3.10091053e-06, Final residual = 3.772543807e-07, No Iterations 1
ExecutionTime = 16.33 s  ClockTime = 23 s

Courant Number mean: 0.0004670309409 max: 0.08460982712
Time = 636.06

diagonal:  Solving for rho, Initial residual = 0, Final residual = 0, No Iterations 0
PIMPLE: iteration 1
DILUPBiCG:  Solving for Ux, Initial residual = 6.858712418e-05, Final residual = 4.9985996e-09, No Iterations 1
DILUPBiCG:  Solving for Uy, Initial residual = 0.0003081169553, Final residual = 1.565846097e-08, No Iterations 1
DILUPBiCG:  Solving for Uz, Initial residual = 9.714926729e-06, Final residual = 8.075052347e-10, No Iterations 1
DILUPBiCG:  Solving for h, Initial residual = 1.156699704e-06, Final residual = 1.552445586e-09, No Iterations 1
GAMG:  Solving for p_rgh, Initial residual = 0.004945784538, Final residual = 2.320723979e-05, No Iterations 3
diagonal:  Solving for rho, Initial residual = 0, Final residual = 0, No Iterations 0
time step continuity errors : sum local = 1.209804619e-09, global = -2.143414188e-10, cumulative = -6.367833371e-11
GAMG:  Solving for p_rgh, Initial residual = 0.0004453865263, Final residual = 7.78597852e-07, No Iterations 6
diagonal:  Solving for rho, Initial residual = 0, Final residual = 0, No Iterations 0
time step continuity errors : sum local = 4.050021929e-11, global = -2.827724329e-12, cumulative = -6.650605803e-11
DILUPBiCG:  Solving for epsilon, Initial residual = 9.919629366e-07, Final residual = 9.919629366e-07, No Iterations 0
DILUPBiCG:  Solving for k, Initial residual = 2.969709521e-06, Final residual = 5.298240619e-09, No Iterations 1
ExecutionTime = 17.36 s  ClockTime = 24 s

Courant Number mean: 0.0004670083469 max: 0.08460865345
Time = 636.065

diagonal:  Solving for rho, Initial residual = 0, Final residual = 0, No Iterations 0
PIMPLE: iteration 1
DILUPBiCG:  Solving for Ux, Initial residual = 7.825192253e-05, Final residual = 5.572634176e-09, No Iterations 1
DILUPBiCG:  Solving for Uy, Initial residual = 0.0001320133203, Final residual = 6.865486589e-09, No Iterations 1
DILUPBiCG:  Solving for Uz, Initial residual = 3.832015936e-06, Final residual = 3.910906077e-10, No Iterations 1
DILUPBiCG:  Solving for h, Initial residual = 1.224277116e-06, Final residual = 5.146770506e-10, No Iterations 1
GAMG:  Solving for p_rgh, Initial residual = 0.001995305535, Final residual = 9.439324831e-06, No Iterations 5
diagonal:  Solving for rho, Initial residual = 0, Final residual = 0, No Iterations 0
time step continuity errors : sum local = 4.903759736e-10, global = 4.130158367e-11, cumulative = -2.520447436e-11
GAMG:  Solving for p_rgh, Initial residual = 0.0003158316002, Final residual = 4.972162456e-07, No Iterations 6
diagonal:  Solving for rho, Initial residual = 0, Final residual = 0, No Iterations 0
time step continuity errors : sum local = 2.584872576e-11, global = 4.467793962e-13, cumulative = -2.475769497e-11
DILUPBiCG:  Solving for epsilon, Initial residual = 1.001186214e-06, Final residual = 2.468107694e-09, No Iterations 1
DILUPBiCG:  Solving for k, Initial residual = 2.934240318e-06, Final residual = 5.953458936e-09, No Iterations 1
ExecutionTime = 18.58 s  ClockTime = 26 s

Courant Number mean: 0.0004670307216 max: 0.08460768754
Time = 636.07

diagonal:  Solving for rho, Initial residual = 0, Final residual = 0, No Iterations 0
PIMPLE: iteration 1
DILUPBiCG:  Solving for Ux, Initial residual = 3.479450103e-05, Final residual = 3.823033237e-09, No Iterations 1
DILUPBiCG:  Solving for Uy, Initial residual = 9.298002872e-05, Final residual = 9.161040807e-09, No Iterations 1
DILUPBiCG:  Solving for Uz, Initial residual = 5.234200475e-06, Final residual = 5.191568714e-10, No Iterations 1
DILUPBiCG:  Solving for h, Initial residual = 1.20594887e-06, Final residual = 4.587789459e-10, No Iterations 1
GAMG:  Solving for p_rgh, Initial residual = 0.000377681504, Final residual = 1.953843275e-06, No Iterations 6
diagonal:  Solving for rho, Initial residual = 0, Final residual = 0, No Iterations 0
time step continuity errors : sum local = 1.015607884e-10, global = -6.50149155e-12, cumulative = -3.125918652e-11
GAMG:  Solving for p_rgh, Initial residual = 0.0001495938513, Final residual = 8.372307658e-07, No Iterations 4
diagonal:  Solving for rho, Initial residual = 0, Final residual = 0, No Iterations 0
time step continuity errors : sum local = 4.349105987e-11, global = 1.456594981e-12, cumulative = -2.980259154e-11
DILUPBiCG:  Solving for epsilon, Initial residual = 9.899006442e-07, Final residual = 9.899006442e-07, No Iterations 0
DILUPBiCG:  Solving for k, Initial residual = 2.910714444e-06, Final residual = 5.636294361e-09, No Iterations 1
ExecutionTime = 19.73 s  ClockTime = 27 s

Courant Number mean: 0.0004670366465 max: 0.08460624748
Time = 636.075

diagonal:  Solving for rho, Initial residual = 0, Final residual = 0, No Iterations 0
PIMPLE: iteration 1
DILUPBiCG:  Solving for Ux, Initial residual = 1.840501586e-05, Final residual = 2.495205157e-09, No Iterations 1
DILUPBiCG:  Solving for Uy, Initial residual = 5.124650742e-05, Final residual = 3.821189377e-09, No Iterations 1
DILUPBiCG:  Solving for Uz, Initial residual = 2.488021744e-06, Final residual = 3.811770138e-10, No Iterations 1
DILUPBiCG:  Solving for h, Initial residual = 1.154929829e-06, Final residual = 3.890539246e-10, No Iterations 1
GAMG:  Solving for p_rgh, Initial residual = 0.0001556128167, Final residual = 8.500524633e-07, No Iterations 6
diagonal:  Solving for rho, Initial residual = 0, Final residual = 0, No Iterations 0
time step continuity errors : sum local = 4.415663638e-11, global = -2.159494234e-12, cumulative = -3.196208577e-11
GAMG:  Solving for p_rgh, Initial residual = 6.985692955e-05, Final residual = 6.38776177e-07, No Iterations 3
diagonal:  Solving for rho, Initial residual = 0, Final residual = 0, No Iterations 0
time step continuity errors : sum local = 3.317529325e-11, global = 2.230915617e-12, cumulative = -2.973117015e-11
DILUPBiCG:  Solving for epsilon, Initial residual = 9.998661042e-07, Final residual = 9.998661042e-07, No Iterations 0
DILUPBiCG:  Solving for k, Initial residual = 2.908458825e-06, Final residual = 5.040477054e-09, No Iterations 1
ExecutionTime = 20.91 s  ClockTime = 29 s

Courant Number mean: 0.0004670372974 max: 0.08460493927
Time = 636.08

diagonal:  Solving for rho, Initial residual = 0, Final residual = 0, No Iterations 0
PIMPLE: iteration 1
DILUPBiCG:  Solving for Ux, Initial residual = 2.440325692e-05, Final residual = 2.845183688e-09, No Iterations 1
DILUPBiCG:  Solving for Uy, Initial residual = 6.545747273e-05, Final residual = 5.245321339e-09, No Iterations 1
DILUPBiCG:  Solving for Uz, Initial residual = 3.535092146e-06, Final residual = 4.548548275e-10, No Iterations 1
DILUPBiCG:  Solving for h, Initial residual = 1.156114564e-06, Final residual = 3.331145718e-10, No Iterations 1
GAMG:  Solving for p_rgh, Initial residual = 0.0001013175181, Final residual = 6.329329973e-07, No Iterations 7
diagonal:  Solving for rho, Initial residual = 0, Final residual = 0, No Iterations 0
time step continuity errors : sum local = 3.287146804e-11, global = 1.94928918e-12, cumulative = -2.778188097e-11
GAMG:  Solving for p_rgh, Initial residual = 7.105680023e-05, Final residual = 6.386809698e-07, No Iterations 3
diagonal:  Solving for rho, Initial residual = 0, Final residual = 0, No Iterations 0
time step continuity errors : sum local = 3.317921834e-11, global = -2.36426628e-12, cumulative = -3.014614725e-11
DILUPBiCG:  Solving for epsilon, Initial residual = 1.014896892e-06, Final residual = 2.534692279e-09, No Iterations 1
DILUPBiCG:  Solving for k, Initial residual = 2.916784243e-06, Final residual = 4.575006991e-09, No Iterations 1
ExecutionTime = 22.08 s  ClockTime = 30 s

Courant Number mean: 0.0004670459698 max: 0.08460383438
Time = 636.085

diagonal:  Solving for rho, Initial residual = 0, Final residual = 0, No Iterations 0
PIMPLE: iteration 1
DILUPBiCG:  Solving for Ux, Initial residual = 1.664273009e-05, Final residual = 2.481565807e-09, No Iterations 1
DILUPBiCG:  Solving for Uy, Initial residual = 5.004013827e-05, Final residual = 3.879348455e-09, No Iterations 1
DILUPBiCG:  Solving for Uz, Initial residual = 2.184277797e-06, Final residual = 3.718606457e-10, No Iterations 1
DILUPBiCG:  Solving for h, Initial residual = 1.162993492e-06, Final residual = 2.78420694e-10, No Iterations 1
GAMG:  Solving for p_rgh, Initial residual = 7.932126433e-05, Final residual = 6.242546797e-07, No Iterations 4
diagonal:  Solving for rho, Initial residual = 0, Final residual = 0, No Iterations 0
time step continuity errors : sum local = 3.242951371e-11, global = 8.790032708e-13, cumulative = -2.926714398e-11
GAMG:  Solving for p_rgh, Initial residual = 1.979223753e-05, Final residual = 4.103127836e-07, No Iterations 2
diagonal:  Solving for rho, Initial residual = 0, Final residual = 0, No Iterations 0
time step continuity errors : sum local = 2.131600532e-11, global = -5.390690678e-13, cumulative = -2.980621305e-11
DILUPBiCG:  Solving for epsilon, Initial residual = 1.020804207e-06, Final residual = 2.44754483e-09, No Iterations 1
DILUPBiCG:  Solving for k, Initial residual = 2.945720857e-06, Final residual = 4.200596471e-09, No Iterations 1
ExecutionTime = 23.38 s  ClockTime = 32 s

Courant Number mean: 0.000467054889 max: 0.08460270647
Time = 636.09

diagonal:  Solving for rho, Initial residual = 0, Final residual = 0, No Iterations 0
PIMPLE: iteration 1
DILUPBiCG:  Solving for Ux, Initial residual = 1.674673771e-05, Final residual = 2.515558943e-09, No Iterations 1
DILUPBiCG:  Solving for Uy, Initial residual = 5.085663144e-05, Final residual = 4.028576373e-09, No Iterations 1
DILUPBiCG:  Solving for Uz, Initial residual = 2.245273885e-06, Final residual = 3.788191714e-10, No Iterations 1
DILUPBiCG:  Solving for h, Initial residual = 1.158187727e-06, Final residual = 2.240672767e-10, No Iterations 1
GAMG:  Solving for p_rgh, Initial residual = 6.278847152e-05, Final residual = 6.017320159e-07, No Iterations 5
diagonal:  Solving for rho, Initial residual = 0, Final residual = 0, No Iterations 0
time step continuity errors : sum local = 3.126010288e-11, global = -1.495579503e-12, cumulative = -3.130179255e-11
GAMG:  Solving for p_rgh, Initial residual = 2.204877919e-05, Final residual = 4.245340758e-07, No Iterations 2
diagonal:  Solving for rho, Initial residual = 0, Final residual = 0, No Iterations 0
time step continuity errors : sum local = 2.205351588e-11, global = -2.994753548e-14, cumulative = -3.133174009e-11
DILUPBiCG:  Solving for epsilon, Initial residual = 1.027782519e-06, Final residual = 2.366944282e-09, No Iterations 1
DILUPBiCG:  Solving for k, Initial residual = 2.977459825e-06, Final residual = 3.86459766e-09, No Iterations 1
ExecutionTime = 24.89 s  ClockTime = 35 s

Courant Number mean: 0.0004670622151 max: 0.08460140459
Time = 636.095

diagonal:  Solving for rho, Initial residual = 0, Final residual = 0, No Iterations 0
PIMPLE: iteration 1
DILUPBiCG:  Solving for Ux, Initial residual = 1.654452583e-05, Final residual = 2.564311476e-09, No Iterations 1
DILUPBiCG:  Solving for Uy, Initial residual = 4.936189046e-05, Final residual = 3.800688146e-09, No Iterations 1
DILUPBiCG:  Solving for Uz, Initial residual = 2.187276783e-06, Final residual = 3.765201088e-10, No Iterations 1
DILUPBiCG:  Solving for h, Initial residual = 1.157792658e-06, Final residual = 1.740321424e-10, No Iterations 1
GAMG:  Solving for p_rgh, Initial residual = 5.952852074e-05, Final residual = 8.704426859e-07, No Iterations 3
diagonal:  Solving for rho, Initial residual = 0, Final residual = 0, No Iterations 0
time step continuity errors : sum local = 4.521717531e-11, global = 3.414893859e-12, cumulative = -2.791684623e-11
GAMG:  Solving for p_rgh, Initial residual = 1.253667936e-05, Final residual = 3.503635394e-07, No Iterations 2
diagonal:  Solving for rho, Initial residual = 0, Final residual = 0, No Iterations 0
time step continuity errors : sum local = 1.820091647e-11, global = 1.760651112e-12, cumulative = -2.615619512e-11
DILUPBiCG:  Solving for epsilon, Initial residual = 1.034918314e-06, Final residual = 2.294485065e-09, No Iterations 1
DILUPBiCG:  Solving for k, Initial residual = 3.009932978e-06, Final residual = 3.577986527e-09, No Iterations 1
ExecutionTime = 26.01 s  ClockTime = 37 s

Courant Number mean: 0.0004670699457 max: 0.0846001694
Time = 636.1

diagonal:  Solving for rho, Initial residual = 0, Final residual = 0, No Iterations 0
PIMPLE: iteration 1
DILUPBiCG:  Solving for Ux, Initial residual = 1.647441524e-05, Final residual = 2.597112034e-09, No Iterations 1
DILUPBiCG:  Solving for Uy, Initial residual = 4.936445531e-05, Final residual = 3.882431641e-09, No Iterations 1
DILUPBiCG:  Solving for Uz, Initial residual = 2.171123591e-06, Final residual = 3.776479489e-10, No Iterations 1
DILUPBiCG:  Solving for h, Initial residual = 1.159063751e-06, Final residual = 1.288220448e-10, No Iterations 1
GAMG:  Solving for p_rgh, Initial residual = 5.731355866e-05, Final residual = 4.522143607e-07, No Iterations 4
diagonal:  Solving for rho, Initial residual = 0, Final residual = 0, No Iterations 0
time step continuity errors : sum local = 2.349181177e-11, global = 1.599609812e-12, cumulative = -2.455658531e-11
GAMG:  Solving for p_rgh, Initial residual = 1.416306884e-05, Final residual = 2.892758818e-07, No Iterations 2
diagonal:  Solving for rho, Initial residual = 0, Final residual = 0, No Iterations 0
time step continuity errors : sum local = 1.502781652e-11, global = 2.367017601e-13, cumulative = -2.431988355e-11
DILUPBiCG:  Solving for epsilon, Initial residual = 1.042308764e-06, Final residual = 2.229492795e-09, No Iterations 1
DILUPBiCG:  Solving for k, Initial residual = 3.042996718e-06, Final residual = 3.333119818e-09, No Iterations 1
ExecutionTime = 27.04 s  ClockTime = 39 s

Courant Number mean: 0.0004670780457 max: 0.08459891665
Time = 636.105

diagonal:  Solving for rho, Initial residual = 0, Final residual = 0, No Iterations 0
PIMPLE: iteration 1
DILUPBiCG:  Solving for Ux, Initial residual = 1.634308819e-05, Final residual = 2.607392163e-09, No Iterations 1
DILUPBiCG:  Solving for Uy, Initial residual = 4.938361478e-05, Final residual = 3.987777577e-09, No Iterations 1
DILUPBiCG:  Solving for Uz, Initial residual = 2.166896014e-06, Final residual = 3.796669062e-10, No Iterations 1
DILUPBiCG:  Solving for h, Initial residual = 1.159568871e-06, Final residual = 1.21801719e-10, No Iterations 1
GAMG:  Solving for p_rgh, Initial residual = 5.578522984e-05, Final residual = 6.296907234e-07, No Iterations 3
diagonal:  Solving for rho, Initial residual = 0, Final residual = 0, No Iterations 0
time step continuity errors : sum local = 3.27122291e-11, global = 4.306827758e-12, cumulative = -2.001305579e-11
GAMG:  Solving for p_rgh, Initial residual = 1.163201568e-05, Final residual = 3.441963995e-07, No Iterations 2
diagonal:  Solving for rho, Initial residual = 0, Final residual = 0, No Iterations 0
time step continuity errors : sum local = 1.788107995e-11, global = 1.245305199e-12, cumulative = -1.876775059e-11
DILUPBiCG:  Solving for epsilon, Initial residual = 1.049782504e-06, Final residual = 2.169523496e-09, No Iterations 1
DILUPBiCG:  Solving for k, Initial residual = 3.076137435e-06, Final residual = 3.120657912e-09, No Iterations 1
ExecutionTime = 28.31 s  ClockTime = 41 s

Courant Number mean: 0.0004670860223 max: 0.08459768128
Time = 636.11

diagonal:  Solving for rho, Initial residual = 0, Final residual = 0, No Iterations 0
PIMPLE: iteration 1
DILUPBiCG:  Solving for Ux, Initial residual = 1.653213125e-05, Final residual = 2.65995577e-09, No Iterations 1
DILUPBiCG:  Solving for Uy, Initial residual = 4.938296725e-05, Final residual = 4.022253995e-09, No Iterations 1
DILUPBiCG:  Solving for Uz, Initial residual = 2.166649512e-06, Final residual = 3.828711236e-10, No Iterations 1
DILUPBiCG:  Solving for h, Initial residual = 1.159613069e-06, Final residual = 1.437226e-10, No Iterations 1
GAMG:  Solving for p_rgh, Initial residual = 5.50287017e-05, Final residual = 5.820874651e-07, No Iterations 3
diagonal:  Solving for rho, Initial residual = 0, Final residual = 0, No Iterations 0
time step continuity errors : sum local = 3.0239451e-11, global = 4.314078229e-12, cumulative = -1.445367236e-11
GAMG:  Solving for p_rgh, Initial residual = 1.142053644e-05, Final residual = 3.303483841e-07, No Iterations 2
diagonal:  Solving for rho, Initial residual = 0, Final residual = 0, No Iterations 0
time step continuity errors : sum local = 1.716180846e-11, global = 1.587236365e-12, cumulative = -1.286643599e-11
DILUPBiCG:  Solving for epsilon, Initial residual = 1.05731015e-06, Final residual = 2.115239121e-09, No Iterations 1
DILUPBiCG:  Solving for k, Initial residual = 3.17738994e-06, Final residual = 3.501827198e-09, No Iterations 1
ExecutionTime = 29.45 s  ClockTime = 44 s

Courant Number mean: 0.0004670951684 max: 0.0845964188
Time = 636.115

diagonal:  Solving for rho, Initial residual = 0, Final residual = 0, No Iterations 0
PIMPLE: iteration 1
DILUPBiCG:  Solving for Ux, Initial residual = 1.645249174e-05, Final residual = 2.686456264e-09, No Iterations 1
DILUPBiCG:  Solving for Uy, Initial residual = 4.927380345e-05, Final residual = 4.086792079e-09, No Iterations 1
DILUPBiCG:  Solving for Uz, Initial residual = 2.179893128e-06, Final residual = 3.863934529e-10, No Iterations 1
DILUPBiCG:  Solving for h, Initial residual = 1.165626516e-06, Final residual = 4.405465794e-09, No Iterations 1
GAMG:  Solving for p_rgh, Initial residual = 0.001925185958, Final residual = 1.312482405e-05, No Iterations 3
diagonal:  Solving for rho, Initial residual = 0, Final residual = 0, No Iterations 0
time step continuity errors : sum local = 6.831177447e-10, global = 1.207076724e-10, cumulative = 1.078412364e-10
GAMG:  Solving for p_rgh, Initial residual = 0.0003641490265, Final residual = 7.670256111e-07, No Iterations 5
diagonal:  Solving for rho, Initial residual = 0, Final residual = 0, No Iterations 0
time step continuity errors : sum local = 3.991062599e-11, global = 2.151162699e-12, cumulative = 1.099923991e-10
DILUPBiCG:  Solving for epsilon, Initial residual = 1.077618743e-06, Final residual = 4.385957599e-09, No Iterations 1
DILUPBiCG:  Solving for k, Initial residual = 3.36427964e-06, Final residual = 2.192497285e-09, No Iterations 1
ExecutionTime = 30.79 s  ClockTime = 46 s

Courant Number mean: 0.0004670978738 max: 0.08459511202
Time = 636.12

diagonal:  Solving for rho, Initial residual = 0, Final residual = 0, No Iterations 0
PIMPLE: iteration 1
DILUPBiCG:  Solving for Ux, Initial residual = 8.088513032e-05, Final residual = 6.283926764e-09, No Iterations 1
DILUPBiCG:  Solving for Uy, Initial residual = 0.000189264889, Final residual = 1.202077427e-08, No Iterations 1
DILUPBiCG:  Solving for Uz, Initial residual = 5.094268724e-06, Final residual = 5.274962281e-10, No Iterations 1
DILUPBiCG:  Solving for h, Initial residual = 1.16855681e-06, Final residual = 6.380551189e-10, No Iterations 1
GAMG:  Solving for p_rgh, Initial residual = 0.005220484747, Final residual = 2.755438512e-05, No Iterations 3
diagonal:  Solving for rho, Initial residual = 0, Final residual = 0, No Iterations 0
time step continuity errors : sum local = 1.43542329e-09, global = 1.951023982e-10, cumulative = 3.050947973e-10
GAMG:  Solving for p_rgh, Initial residual = 0.000318739555, Final residual = 9.159742304e-07, No Iterations 6
diagonal:  Solving for rho, Initial residual = 0, Final residual = 0, No Iterations 0
time step continuity errors : sum local = 4.781439814e-11, global = 7.979109041e-14, cumulative = 3.051745884e-10
DILUPBiCG:  Solving for epsilon, Initial residual = 1.061999351e-06, Final residual = 2.793600846e-08, No Iterations 1
DILUPBiCG:  Solving for k, Initial residual = 3.104994183e-06, Final residual = 1.746440564e-08, No Iterations 1
ExecutionTime = 32.74 s  ClockTime = 48 s

Courant Number mean: 0.0004670338629 max: 0.08459389229
Time = 636.125

diagonal:  Solving for rho, Initial residual = 0, Final residual = 0, No Iterations 0
PIMPLE: iteration 1
DILUPBiCG:  Solving for Ux, Initial residual = 6.844071314e-05, Final residual = 5.011619515e-09, No Iterations 1
DILUPBiCG:  Solving for Uy, Initial residual = 0.0003068269012, Final residual = 1.562684942e-08, No Iterations 1
DILUPBiCG:  Solving for Uz, Initial residual = 9.755070651e-06, Final residual = 8.145146055e-10, No Iterations 1
DILUPBiCG:  Solving for h, Initial residual = 1.158177913e-06, Final residual = 3.479602782e-09, No Iterations 1
GAMG:  Solving for p_rgh, Initial residual = 0.004908005821, Final residual = 2.331800025e-05, No Iterations 3
diagonal:  Solving for rho, Initial residual = 0, Final residual = 0, No Iterations 0
time step continuity errors : sum local = 1.215547946e-09, global = -2.118791086e-10, cumulative = 9.329547976e-11
